  Course            CourseName           ClassAvg ClassSize  Credits   Notation   Grade      GPA     Include   Credits     PCE       WGP                           gpaf   Includedf CreditsSF              GPAb   Includedb 
   BIOL      225    FORM & FUNCTION OF ORGANISMS                  3.00              D-          0.70      1.00      3.00      3.00      2.10      3.00      2.10      0.70      1.00     90.00    294.30      3.27     30.00
   BIOL      261    MOLECULAR & GENERAL GENETICS                  3.00   DISC                   0.00      0.00      3.00      0.00      0.00      3.00      2.10      0.70      1.00     87.00    292.20      3.36     29.00
   MATH      201    ELEMENTARY FUNCTIONS                          3.00              A+          4.30      1.00      3.00      3.00     12.90      6.00     15.00      2.50      2.00     87.00    292.20      3.36     29.00
   MATH      203    DIFFERENTIAL&INTEGRAL CAL I                   3.00   DISC                   0.00      0.00      3.00      0.00      0.00      6.00     15.00      2.50      2.00     84.00    279.30      3.33     28.00
   BIOL      226    BIODIVERSITY AND ECOLOGY                      3.00              F           0.00      0.00      3.00      0.00      0.00      6.00     15.00      2.50      2.00     84.00    279.30      3.33     28.00
   BIOL      261    MOLECULAR & GENERAL GENETICS                  3.00              D-          0.70      1.00      3.00      3.00      2.10      9.00     17.10      1.90      3.00     84.00    279.30      3.33     28.00
   FRAN      211    FRENCH LANGUAGE: ELEMENTARY                   3.00              C+          2.30      1.00      3.00      3.00      6.90     12.00     24.00      2.00      4.00     81.00    277.20      3.42     27.00
   MATH      203    DIFFERENTIAL&INTEGRAL CAL I                   3.00              D-          0.70      0.00      3.00      0.00      0.00     12.00     24.00      2.00      4.00     78.00    270.30      3.47     26.00
   BIOL      226    BIODIVERSITY AND ECOLOGY                      3.00              C           2.00      1.00      3.00      3.00      6.00     15.00     30.00      2.00      5.00     78.00    270.30      3.47     26.00
   FRAN      212    FRENCH LANGUAGE: TRANSITION                   3.00              C           2.00      1.00      3.00      3.00      6.00     18.00     36.00      2.00      6.00     75.00    264.30      3.52     25.00
   MATH      205    DIFFERENTIAL&INTEGRAL CAL II                  3.00              F           0.00      0.00      3.00      0.00      0.00     18.00     36.00      2.00      6.00     72.00    258.30      3.59     24.00
   FRAN      213    LANG FRAN:NIV.INTERMED I&II                   6.00              D-          0.70      0.00      6.00      0.00      0.00     18.00     36.00      2.00      6.00     72.00    258.30      3.59     24.00
   MATH      202    COLLEGE ALGEBRA                               3.00              A+          4.30      1.00      3.00      3.00     12.90     21.00     48.90      2.33      7.00     72.00    258.30      3.59     24.00
   PHYS      204    MECHANICS                                     3.00              C+          2.30      0.00      3.00      0.00      0.00     21.00     48.90      2.33      7.00     69.00    245.40      3.56     23.00
   PHYS      224    INTRO EXPERIMENTAL MECHANICS                  3.00              A           4.00      1.00      3.00      3.00     12.00     24.00     60.90      2.54      8.00     69.00    245.40      3.56     23.00
   FRAN      212    FRENCH LANGUAGE: TRANSITION                   3.00              B-          2.70      0.00      3.00      0.00      0.00     24.00     60.90      2.54      8.00     66.00    233.40      3.54     22.00
   MATH      205    DIFFERENTIAL&INTEGRAL CAL II                  3.00              D+          1.30      0.00      3.00      0.00      0.00     24.00     60.90      2.54      8.00     66.00    233.40      3.54     22.00
   MATH      203    DIFFERENTIAL&INTEGRAL CAL I                   3.00              A+          4.30      1.00      3.00      3.00     12.90     27.00     73.80      2.73      9.00     66.00    233.40      3.54     22.00
   MATH      205    DIFFERENTIAL&INTEGRAL CAL II                  3.00              C+          2.30      0.00      3.00      0.00      0.00     27.00     73.80      2.73      9.00     63.00    220.50      3.50     21.00
   FRAN      213    LANG FRAN:NIV.INTERMED I&II                   3.00              C           2.00      1.00      3.00      3.00      6.00     30.00     79.80      2.66     10.00     63.00    220.50      3.50     21.00
   MATH      204    VECTORS AND MATRICES                          3.00              A+          4.30      1.00      3.00      3.00     12.90     33.00     92.70      2.81     11.00     60.00    214.50      3.58     20.00
   PHYS      204    MECHANICS                                     3.00              A+          4.30      1.00      3.00      3.00     12.90     36.00    105.60      2.93     12.00     57.00    201.60      3.54     19.00
   FRAN      213    LANG FRAN:NIV.INTERMED I&II                   3.00              B           3.00      1.00      3.00      3.00      9.00     39.00    114.60      2.94     13.00     54.00    188.70      3.49     18.00
   MATH      205    DIFFERENTIAL&INTEGRAL CAL II                  3.00              B           3.00      0.00      3.00      0.00      0.00     39.00    114.60      2.94     13.00     51.00    179.70      3.52     17.00
   MATH      251    LINEAR ALGEBRA I                              3.00              B+          3.30      0.00      3.00      0.00      0.00     39.00    114.60      2.94     13.00     51.00    179.70      3.52     17.00
   FRAN      219    INITIATION AU FRANCAIS ECRIT                  3.00              F           0.00      0.00      3.00      0.00      0.00     39.00    114.60      2.94     13.00     51.00    179.70      3.52     17.00
   FRAN      221    CORRECTION PHONETIQUE                         3.00   FNS                    0.00      0.00      3.00      0.00      0.00     39.00    114.60      2.94     13.00     51.00    179.70      3.52     17.00
   MAST      218    MULTIVARIABLE CALCULUS I                      3.00              F           0.00      0.00      3.00      0.00      0.00     39.00    114.60      2.94     13.00     51.00    179.70      3.52     17.00
   PHYS      205    ELECTRICITY & MAGNETISM                       3.00              C-          1.70      0.00      3.00      0.00      0.00     39.00    114.60      2.94     13.00     51.00    179.70      3.52     17.00
   FRAN      219    INITIATION AU FRANCAIS ECRIT                  3.00              D-          0.70      1.00      3.00      3.00      2.10     42.00    116.70      2.78     14.00     51.00    179.70      3.52     17.00
   FRAN      221    CORRECTION PHONETIQUE                         3.00              C           2.00      1.00      3.00      3.00      6.00     45.00    122.70      2.73     15.00     48.00    177.60      3.70     16.00
   MAST      218    MULTIVARIABLE CALCULUS I                      3.00              C           2.00      0.00      3.00      0.00      0.00     45.00    122.70      2.73     15.00     45.00    171.60      3.81     15.00
   PHYS      205    ELECTRICITY & MAGNETISM                       3.00              C           2.00      1.00      3.00      3.00      6.00     48.00    128.70      2.68     16.00     45.00    171.60      3.81     15.00
   MAST      214    CALCULUS AND LINEAR ALGEBRA                   3.00              A+          4.30      0.00      3.00      0.00      0.00     48.00    128.70      2.68     16.00     42.00    165.60      3.94     14.00
   MAST      217    INTRO/MATHEMATICAL THINKING                   3.00              A           4.00      1.00      3.00      3.00     12.00     51.00    140.70      2.76     17.00     42.00    165.60      3.94     14.00
   MAST      221    APPLIED PROBABILITY                           3.00   DNW        F           0.00      0.00      3.00      0.00      0.00     51.00    140.70      2.76     17.00     39.00    153.60      3.94     13.00
   PHYS      232    THEORETICAL PHYSICS I                         3.00              A           4.00      1.00      3.00      3.00     12.00     54.00    152.70      2.83     18.00     39.00    153.60      3.94     13.00
   MAST      218    MULTIVARIATE CALCULUS I                       3.00              A           4.00      1.00      3.00      3.00     12.00     57.00    164.70      2.89     19.00     36.00    141.60      3.93     12.00
   MAST      234    LINEAR ALGEBRA & APPLICAT. I                  3.00              A-          3.70      1.00      3.00      3.00     11.10     60.00    175.80      2.93     20.00     33.00    129.60      3.93     11.00
   MATH      205    DIFFERENTIAL&INTEGRAL CAL II                  3.00              A+          4.30      0.00      3.00      0.00      0.00     60.00    175.80      2.93     20.00     30.00    118.50      3.95     10.00
   COMP      218    FUNDAMENTALS OF PROGRAMMING                   3.00   DISC                   0.00      0.00      3.00      0.00      0.00     60.00    175.80      2.93     20.00     30.00    118.50      3.95     10.00
   MAST      221    APPLIED PROBABILITY    2.29       46          3.00              B+          3.30      1.00      3.00      3.00      9.90     63.00    185.70      2.95     21.00     30.00    118.50      3.95     10.00
   MAST      232    MATH WITH COMPUTER A   2.86       23          3.00              A+          4.30      1.00      3.00      3.00     12.90     66.00    198.60      3.01     22.00     27.00    108.60      4.02      9.00
   MAST      235    LINEAR ALGEBRA & APP   3.51       28          3.00              A+          4.30      1.00      3.00      3.00     12.90     69.00    211.50      3.07     23.00     24.00     95.70      3.99      8.00
   MAST      219    MULTIVARIATE CALCULU    2         56          3.00              B-          2.70      0.00      3.00      0.00      0.00     69.00    211.50      3.07     23.00     21.00     82.80      3.94      7.00
   MAST      223    STOCHASTIC METH/OPERAT.RES.                   3.00   DISC                   0.00      0.00      3.00      0.00      0.00     69.00    211.50      3.07     23.00     21.00     82.80      3.94      7.00
   MAST      224    INTRODUCTION TO OPTI   2.76       45          3.00              A+          4.30      1.00      3.00      3.00     12.90     72.00    224.40      3.12     24.00     21.00     82.80      3.94      7.00
   MAST      333    APPLIED STATISTICS                            3.00   DISC                   0.00      0.00      3.00      0.00      0.00     72.00    224.40      3.12     24.00     18.00     69.90      3.88      6.00
   MAST      331    MATHEMATICAL MODELLI   3.39       29          3.00              A+          4.30      1.00      3.00      3.00     12.90     75.00    237.30      3.16     25.00     18.00     69.90      3.88      6.00
   MATH      392    ELEMENTARY NUMBER TH   3.19       7           3.00              A           4.00      1.00      3.00      3.00     12.00     78.00    249.30      3.20     26.00     15.00     57.00      3.80      5.00
   COMP      206    INTRO TO SOFTWARE SYSTEMS                     3.00              B-          2.70      1.00      3.00      3.00      8.10     81.00    257.40      3.18     27.00     12.00     45.00      3.75      4.00
   MAST      219    MULTIVARIABLE CALCULUS II                     3.00              A+          4.30      1.00      3.00      3.00     12.90     84.00    270.30      3.22     28.00      9.00     36.90      4.10      3.00
   MAST      335    INVESTMENT MATHEMATICS                        3.00              A           4.00      1.00      3.00      3.00     12.00     87.00    282.30      3.24    310.30      6.00     24.00     10.10      2.00
   MATH      366    COMPLEX ANALYSIS                              3.00              A           4.00      1.00      3.00      3.00     12.00     90.00    294.30      3.27    604.60      3.00     12.00     13.10      1.00
